    0  1800  1781  1772  1781  1781  1763  1763     0     0     0     0     0     0     0  1819  1819     0  3800  3759  3718  3718  3679  3759  3718  3679  3718  3718  3718  3718  3679  3679  3640  3640  3679  3679  2033  2057  2045  1952  1868  1772  1711  1653  1615  1578  1536  1489  1452  1382 
    0  1790  1772  1781  1772  1754  1763  1790     0     0     0     0     0     0     0  1800  1800     0  3885  3885  3842  3842  3842  3842  3842  3800  3800  3800  3800  3800  3759  3800  3800  3718  3759  3718  3759  3759  3718  1931  1858  1772  1719  1653  1607  1563  1529  1483  1434  1393 
    0  1781  1763  1772  1763  1754  1763     0     0     0     0     0     0     0     0  1790  1800     0  3975  3930  3975  3930  3930  3930  3930  3885  3930  3885  3885  3885  3885  3885     0     0  3842  3842  3842  3800  3800  1941  1868  1754  1711  1653  1615  1571  1529  1483  1446  1393 
    0  1763  1763  1763  1763  1754  1754  1790     0     0     0     0     0     0     0  1790  1790     0  4021  4021  4021  4068  4068  4021  4021  4021  3975  3975  4021  3975  3975  3975  3975  4021  3975  3930  3930  3930  3930  1920  1838  1754  1702  1645  1600  1556  1515  1483  1440  1388 
    0  1763  1754  1754  1754  1745  1754     0     0     0     0     0     0     0     0  1790  1790     0  4167  4218  4167  4167  4218  4167  4167  4117  4167  4167  4167  4117  4117  4117  4117  4068  4068  4068  4068  4068  4068  1920  1838  1745  1694  1645  1600  1549  1515  1470  1434  1388 
    0  1745  1736  1754  1754  1736  1754     0     0     0     0     0     0     0     0  1781  1790     0  4378  4323  4323  4323  4323  4323  4323  4270  4270  4270  4218  4270  4270  4270  4270  4218  4218  4218  4270  4167  4270  1888  1838  1736  1686  1638  1585  1549  1509  1470  1434  1382 
    0  1745  1745  1745  1754  1736  1754     0     0  1781     0     0     0     0     0  1781  1790     0  4434  4434  4434  4434  4434  4434  4492  4378  4378  4378  4378  4378  4378  4378  4378  4323  4323  4323  4378  4323  4270  1888  1828  1728  1686  1630  1585  1549  1502  1458  1428  1382 
    0  1745  1745  1745  1745  1736  1745     0     0  1781  1790  1790  1809  1790     0  1772  1790     0  4551  4612  4612  4551  4612  4612  4674  4551  4492  4551  4551  4492  4551  4612  4551  4492  4492  4492  4492  4492  4378  1888  1790  1719  1669  1622  1571  1536  1483  1458  1416  1376 
    0  1736  1728  1728  1736  1736  1745     0     0  1781  1781  1781  1781  1781  1800  1763  1781     0  4612  4674  4612  4674  4674  4674  4804  4738  4674  4674  4674  4738  4674  4674  4804  4674  4738  4612  4612  4612  4612  1888  1819  1711  1661  1615  1571  1522  1483  1452  1416  1376 
    0  1728  1736  1736  1736  1728  1745     0     0  1781  1781  1781  1781  1781  1781  1763  1790     0  4612  4551  4674  4674  4674  4738  4674  4612  4674  4804  4804  4804  4872  4872  4804  4804  4804  4804  4804  4804  2009  1878  1781  1711  1677  1615  1563  1522  1489  1446  1410  1371 
    0  1719  1728  1736  1728  1728  1763     0     0  1763  1772  1772  1772  1781  1781  1754  1781     0  4612  4612  4612  4674  4674  4674  4738  4674  4674  4738  4804  4804  4872  4872  4942  4872  4872  4872  5013  5013  1998  1878  1781  1719  1661  1615  1563  1529  1477  1440  1404  1366 
    0  1719  1728  1728  1728  1719  1754     0  1772  1754  1763  1763  1763  1772  1763  1754  1790     0  4612  4612  4674  4674  4674  4738  4738  4612  4738  4738  4804  4804  4804  4804  4872  4872  4942  4942  5013  5013  4872  1868  1781  1711  1653  1600  1563  1515  1477  1434  1404  1360 
    0  1711  1728  1728  1728  1728  1754     0  1763  1754  1754  1763  1772  1763  1754  1754  1790     0  4551  4612  4674  4612  4674  4738  4804  4612  4674  4738  4804  4804  4872  4804  4872  4804  4872  4942  5013  4942  1986  1868  1763  1711  1653  1600  1556  1502  1470  1428  1404  1366 
    0  1719  1719  1728  1719  1719  1745     0  1763  1745  1772  1754  1763  1763  1745  1745  1790     0  4492  4551  4612  4612  4674  4674  4738  4674  4674  4738  4738  4804  4804  4804  4872  4804  4804  4872  4942  4942  1975  1868  1772  1711  1645  1592  1542  1496  1458  1428  1393  1355 
    0  1711  1719  1719  1719  1719  1745     0     0  1745  1745  1745  1754  1781  1754  1745  1781     0  4492  4551  4612  4612  4674  4674  4674  4674  4612  4674  4738  4738  4804  4804  4804  4804  4804  4872  4804  5013  1986  1848  1763  1694  1638  1592  1542  1502  1458  1422  1388  1350 
    0  1711  1719  1719  1719  1719  1754     0  1763  1728  1763  1754  1754  1754  1736  1745  1781     0  4434  4551  4612  4612  4612  4674  4674  4612  4612  4738  4674  4738  4674  4738  4872  4738  4804  4804  4942  4804  1952  1848  1754  1702  1638  1585  1536  1496  1452  1416  1388  1344 
    0  1694  1719  1719  1711  1711     0  1754  1754  1745  1754  1736  1736  1754  1736  1736     0  4434  4551  4551  4551  4612  4674  4612  4674  4612  4612  4674  4674  4612  4738  4738  4738  4738  4804  4738  4804  4804  1964  1848  1745  1677  1638  1585  1536  1483  1446  1410  1382  1339 
    0  1711  1702  1728  1702  1711     0  1736  1745  1736  1736  1745  1745  1754  1728  1736     0  4434  4492  4551  4551  4551  4612  4674  4612  4612  4612  4674  4612  4738  4738  4804  4674  4738  4738  4738  4804  4872  1931  1838  1745  1686  1630  1578  1529  1483  1452  1410  1371  1339 
    0  1694  1702  1711  1702  1702  1754     0  1728  1736  1728  1745  1745  1745  1728  1736     0  4434  4492  4492  4551  4612  4612  4612  4674  4612  4612  4612  4612  4674  4674  4674  4738  4738  4738  4738  4804  4804  1941  1838  1736  1677  1615  1571  1529  1483  1440  1404  1376  1339 
    0  1702  1702  1702  1694  1711     0  1719  1728  1719  1736  1736  1736  1736  1719  1728     0  4434  4434  4492  4492  4551  4551  4612  4612  4551  4612  4612  4612  4674  4674  4738  4674  4674  4738  4738  4738  4804  1941  1838  1728  1669  1622  1578  1522  1477  1434  1404  1360  1334 
    0  1694  1702  1702  1694  1694     0  1745  1719     0     0     0  1728  1745  1711  1728     0  4434  4492  4434  4551  4551  4551  4612  4612  4551  4612  4612  4612  4612  4612  4612  4674  4674  4738  4674  4804  4804  1920  1819  1736  1677  1615  1563  1509  1477  1434  1399  1360  1329 
    0  1686  1694  1694  1686  1702     0  1711     0  1711  1719  1728  1736  1736  1719  1736     0  4434  4492  4434  4551  4551  4612  4551  4612  4551  4551  4612  4612  4612  4612  4612  4612  4612  4674  4674  4738  4804  1909  1819  1719  1661  1615  1563  1509  1470  1434  1393  1366  1324 
    0  1686  1694  1694  1686  1702     0  1728  1711  1711  1719  1711  1728  1736  1719  1728     0  4378  4434  4434  4434  4492  4551  4551  4492  4551  4612  4551  4612  4612  4612  4612  4612  4612  4674  4674  4674  4738  1899  1800  1719  1661  1607  1563  1515  1464  1434  1388  1355  1319 
    0  1686  1686  1686  1686  1702  1719  1719     0  1711  1711  1719  1719  1719  1711  1728     0  4378  4434  4434  4434  4492  4551  4492  4612  4551  4551  4612  4551  4612  4612  4612  4612  4551  4674  4674  4738  4738  1899  1800  1719  1645  1607  1556  1509  1458  1422  1388  1344  1319 
    0  1677  1686  1677  1686  1694     0  1711  1711  1711  1711  1719  1728  1728  1702  1728     0  4378  4434  4434  4434  4434  4492  4492  4551  4551  4551  4612  4551  4612  4551  4551  4612  4551  4674  4612  4674  4738  1888  1790  1711  1653  1600  1549  1509  1458  1422  1382  1350  1319 
    0  1677  1677  1677  1677  1694     0  1719  1711  1711  1711  1711  1719  1711  1702  1736     0  4378  4378  4434  4434  4434  4434  4492  4492  4492  4551  4551  4551  4612  4612  4612  4612  4551  4612  4551  4674  4674  1878  1790  1702  1645  1592  1542  1502  1464  1410  1376  1339  1314 
    0  1669  1677  1669  1677  1694  1694  1702  1711  1702  1702  1711  1719  1711  1702  1736     0  4378  4378  4378  4378  4434  4434  4492  4492  4492  4492  4551  4551  4612  4612  4612  4612  4492  4551  4551  4674  4674  1868  1790  1702  1638  1592  1542  1502  1458  1410  1371  1339  1309 
    0  1669  1669  1661  1669  1694  1694  1702  1694  1702  1711  1711  1711  1702  1694  1745     0  4323  4378  4378  4434  4434  4434  4434  4434  4492  4492  4551  4551  4551  4612  4551  4551  4551  4551  4551  4612  4674  1868  1781  1694  1638  1585  1529  1496  1452  1404  1366  1339  1304 
    0  1661  1661  1661  1661  1694  1694  1694  1702  1686  1694  1711  1711  1694  1686     0     0  4323  4378  4378  4378  4378  4434  4434  4434  4378  4492  4551  4551  4551  4612  4612  4551  4551  4551  4551  4551  4612  1868  1781  1694  1622  1585  1529  1483  1446  1399  1366  1329  1294 
    0  1661  1669  1653  1661  1686  1686  1686  1694  1694  1694  1702  1702  1686  1686  1711  4323  4323  4323  4378  4323  4378  4434  4434  4434  4434  4434  4551  4551  4551  4551  4551  4551  4492  4492  4551  4551  4551  1858  1763  1677  1622  1578  1522  1483  1440  1399  1366  1329  1299 
    0  1653  1661  1653  1661  1686  1686  1686  1694  1694  1686  1702  1702  1686  1686  1728     0  4323  4270  4378  4378  4323  4378  4434  4434  4378  4492  4492  4551  4551  4551  4551  4551  4492  4492  4551  4551  4612  1838  1763  1669  1615  1571  1515  1483  1446  1399  1355  1324  1294 
    0  1653  1653  1653  1661  1677  1686  1686  1686  1686  1686  1694  1694  1677  1677  1745  4323  4323  4270  4323  4378  4378  4378  4434  4434  4378  4434  4492  4551  4551  4551  4551  4551  4492  4492  4492  4551  4612  1819  1754  1669  1615  1563  1515  1477  1428  1388  1350  1324  1289 
    0  1645  1653  1645  1653  1661  1677  1677  1686  1677  1677  1694  1694  1677  1677  1719  4270  4218  4323  4323  4323  4323  4378  4378  4434  4378  4434  4492  4492  4551  4492  4551  4551  4434  4434  4492  4492  4551  1809  1745  1661  1615  1563  1515  1477  1434  1393  1350  1319  1289 
    0  1645  1653  1653  1653  1669  1686  1677  1694  1677  1686  1686  1694  1661  1677     0  4270  4218  4270  4270  4323  4323  4378  4378  4378  4378  4378  4492  4492  4492  4492  4492  4492  4434  4492  4434  4434  4551  1800  1728  1661  1615  1556  1509  1464  1428  1388  1339  1304  1284 
    0  1645  1638  1638  1653  1661  1677  1669  1677  1669  1677  1686  1686  1677  1677     0  4270  4218  4218  4218  4323  4378  4270  4378  4378  4378  4378  4378  4434  4434  4492  4434  4492  4434  4434  4434  4492  4492  1800  1745  1653  1600  1549  1509  1464  1422  1382  1344  1304  1280 
    0  1638  1630  1630  1653  1661  1677  1669  1677  1677  1677  1677  1677  1661  1677     0  4270  4218  4218  4270  4270  4323  4270  4378  4378  4323  4378  4434  4378  4434  4434  4434  4492  4434  4378  4434  4492  4551  1790  1719  1653  1592  1542  1502  1458  1410  1376  1339  1309  1275 
    0  1630  1630  1630  1653  1661  1686  1669  1661  1669  1677  1669  1677  1661  1677     0  4270  4218  4218  4270  4270  4323  4270  4323  4378  4378  4378  4378  4434  4378  4378  4434  4434  4378  4434  4434  4492  4492  1790  1694  1645  1592  1536  1496  1452  1410  1371  1334  1304  1270 
    0  1630  1622  1630  1653  1653  1661  1661  1661  1661  1669  1669  1669  1653  1677     0  4218  4218  4218  4218  4270  4270  4270  4323  4378  4378  4323  4378  4378  4378  4378  4378  4378  4378  4378  4434  4492  4492  1781  1711  1630  1585  1536  1483  1452  1404  1360  1329  1299  1265 
    0  1622  1615  1622  1653  1669  1661  1661  1661  1653  1677  1669  1669  1653  1677     0  4218  4218  4167  4218  4218  4270  4270  4323  4323  4323  4323  4378  4378  4323  4434  4378  4378  4378  4378  4434  4434  4492  1763  1719  1630  1578  1529  1483  1440  1404  1366  1334  1294  1275 
    0  1622  1615  1622  1653     0  1661  1653  1653  1653  1653  1661  1669  1645  1677     0  4167  4218  4218  4218  4218  4270  4270  4323  4378  4270  4323  4323  4323  4378  4323  4378  4378  4378  4378  4378  4434  4492  1763  1702  1630  1571  1522  1477  1434  1399  1355  1324  1284  1265 
    0  1622  1615  1622  1645  1653  1661  1661  1653  1653  1653  1661  1653  1645  1669     0  4167  4068  4117  4167  4218  4218  4270  4270  4270  4323  4323  4323  4323  4323  4323  4323  4378  4323  4378  4378  4434  1858  1763  1702  1622  1563  1522  1470  1428  1393  1360  1319  1289  1256 
    0  1607  1607  1615  1645  1653  1653  1653  1653  1645  1653  1661  1645  1638  1669     0  4021  4021  4068  4068  4117  4218  4218  4167  4218  4218  4218  4270  4323  4270  4323  4323  4378  4323  4378  4378  4434  4378  1754  1669  1615  1563  1522  1470  1434  1388  1344  1319  1280  1261 
    0  1615  1600  1615  1638  1645  1645  1653  1653  1638  1645  1645  1638  1638  1661     0  4021  4021  4021  4068  4068  4167  4167  4117  4167  4167  4167  4167  4218  4167  4167  4167  4218  4270  4323  4323  4323  1848  1745  1661  1607  1556  1509  1464  1416  1382  1350  1309  1284  1256 
    0  1607  1600  1615  1638  1638  1638  1653  1645  1645  1653  1645  1630  1630  1669     0  3975  3975  3975  4021  4021  4167  4117  4068  4167  4117  4117  4167  4167  4117  4117  4167  4167  4218  4323  4218  4323  1848  1745  1661  1607  1556  1502  1458  1422  1382  1344  1309  1280  1252 
    0  1600  1592  1600  1622  1630  1645  1638  1645  1638  1645  1638  1630  1630  1669     0  3930  3930  3975  4021  4021  4117  4068  4021  4117  4068  4068  4117  4068  4068  4117  4167  4167  4167  4270  4167  4270  1838  1736  1653  1592  1542  1502  1458  1416  1376  1339  1304  1280  1247 
    0  1600  1592  1607  1622  1630  1630  1630  1630  1638  1645  1638  1622  1622     0     0  4021  3975  3975  4021  4068  4167  4117  4021  4021  4117  4068  4021  4021  4068  4117  4068  4167  4117  4270  4117  4167  1828  1719  1638  1592  1536  1489  1452  1410  1366  1339  1304  1270  1247 
    0  1585  1585  1600  1630     0  1630  1638  1638  1630  1630  1645  1622  1622     0     0  3679  4117  4021  4021  4167  4167  4167  4167  4117  4068  4167  4068  4117  4021  4021  4068  4117  4068  4270  4117  4167  1819  1719  1638  1592  1536  1483  1452  1404  1366  1334  1299  1270  1243 
    0  1585  1585  1600  1630  1615  1622  1630  1645  1638  1630  1630  1615  1622     0     0  3528  3493  3528  3565  3602  3718  3640     0  4167  4270  4117  4117     0  4270  4167  4167  4270  4270  4270  4218  4117  1819  1719  1630  1585  1529  1483  1440  1404  1360  1329  1304  1265  1243 
    0  1578  1578  1600  1615  1622  1630  1622  1630  1630  1622  1622  1615  1615     0     0  4068  3458  3493  3565  3565     0     0  3602  3640  3565  3640  3640     0  3640  3679  4270  3718  3800  4323  4323  4323  1809  1702  1622  1571  1529  1477  1434  1399  1360  1329  1299  1265  1238 
    0  1571  1578  1600  1615  1615  1622  1622  1622  1622  1622  1630  1615  1622     0     0  4068  4021  4068  4068  4117     0  4117  4167  3602  3565  3565     0     0  3602  3602  3602  3640  3640  3679     0  3759  1800  1694  1615  1571  1515  1477  1434  1393  1360  1319  1289  1270  1238 
    0  1571  1571  1592  1615  1615  1630  1630  1622  1615  1622  1622  1607  1615     0     0  4068  4021  4068  4068  4117     0  4167  4167  4167  4167  4167  4167     0  4167  4270  3602  3602  3565     0  4270  4270  1800  1694  1615  1556  1509  1464  1428  1388  1350  1319  1289  1261  1229 
    0  1571  1571  1592     0  1607  1615  1622  1622  1615  1615  1622  1607  1622     0     0  4068  4021  4021  4068  4068     0  4117  4167  4167  4117  4167  4117     0  4218  4167  4270  4270  4167     0  4270  4270  1781  1686  1600  1563  1509  1464  1428  1382  1355  1319  1294  1261  1229 
    0  1571  1563  1592     0  1600  1607  1622  1622  1622  1615  1622  1600  1607     0     0  4068  4021  4021  4021  4021     0  4068  4167  4167  4117  4167     0     0  4218  4218  4218  4218  4218     0  4270  4270  1772  1677  1600  1549  1502  1458  1410  1382  1344  1319  1289  1261  1229 
    0  1563  1571  1592  1585     0  1615  1607  1607  1615  1615  1615  1592  1615     0     0  4021  4021  4021  4021  4068  3718  4021  4117  4117  4117  4117     0     0  4167  4167  4167  4218  4218     0  4218  4270  1763  1669  1592  1542  1496  1452  1416  1382  1344  1319  1284  1252  1225 
    0  1563  1563  1578  1592  1592  1600  1615  1600  1607  1615  1600  1592  1615     0     0  4068  3975  4021  3975  4021     0  4021  4117  4117  4117  4117     0     0  4167  4117  4167  4167  4270     0  4270  4218  1754  1661  1585  1536  1489  1452  1422  1376  1344  1314  1280  1256  1225 
    0  1563  1563  1571     0  1592  1592  1600  1607  1615  1615  1600  1592  1615     0     0     0     0     0     0     0     0  4021  4068  4117  4068  4117     0     0  4167  4167  4167  4167     0     0  4270  4218  1736  1661  1585  1536  1483  1446  1404  1376  1344  1314  1284  1252  1216 
    0  1563  1563     0     0     0  1592  1615  1600  1592  1607  1592  1585  1615     0     0  3565     0     0     0  3640  3640     0     0     0     0     0     0     0     0     0     0  4167     0     0  4167  4167  1745  1661  1585  1536  1477  1440  1404  1371  1339  1309  1275  1247  1212 
    0  1563  1563  1578  1578  1571  1600  1585  1592  1607  1607  1585  1585  1622     0     0  3423  3390  3357  3390     0  3493  3528  3640     0     0  3640     0     0     0     0     0     0     0     0     0     0  1728  1653  1571  1529  1477  1440  1399  1366  1334  1304  1275  1247  1212 
    0  1571  1556  1556  1563  1563  1571  1571  1585  1585  1600  1585  1585  1615     0     0     0     0  3262  3293     0  3390  3324  3390  3423  3458     0     0     0     0     0     0     0     0     0     0     0  1711  1645  1571  1515  1470  1434  1404  1360  1329  1304  1270  1243  1208 
    0  1563  1556  1556  1542  1549  1563  1563  1563  1571  1578  1578  1571  1607     0  3033  3033  3059     0  3115  3172  3143     0  3172  3262  3231  3324     0     0     0     0     0     0     0     0     0     0  1711  1645  1563  1509  1470  1428  1393  1366  1329  1304  1270  1243  1200 