    0  3172  3201  3172  3231  3231  3324  3390  3528  3565  3679  3759  3842  3885  3930  3930  4021     0  4218  4378  4378  4551  4612  4738  4872  4872  5087  5163  5406  5406     0     0     0     0     0     0     0     0  3201  3231  3201  3262  3293  3262  3262  3293  3231  3231  3143  3059 
    0  3262  3201  3201  3262  3293  3324  3423  3528  3565  3640  3718  3842  3842  3885  3975  4068  4167  4218  4378  4434  4551  4612  4674  4872  4872  5013  5163  5322  5406  5491  5580     0     0     0     0     0     0     0  3293  3324  3390  3357  3357  3357  3357  3324  3324  3262  3201 
    0  3262  3262  3293  3293  3357  3390  3423  3528  3565  3640  3679  3759  3842  3885  3975  4021  4117  4218  4323  4378  4434  4612  4674  4804  4872  4942  5163  5242  5491  5580  5767     0     0     0     0     0     0     0  5767  3390  3423  3458  3458  3458  3458  3423  3423  3423  3262 
    0  3201  3262  3293  3293  3390  3493  3458  3493  3565  3640  3679  3759  3842  3885  3975  3975  4117  4167  4270  4378  4434  4551  4738  4804  4872  4942  5163  5242  5406  5491  5767  5864  5966     0     0     0     0  6071  5864  5672  3565  3565  3565  3602  3565  3565  3528  3493  3423 
    0  3231  3262  3293  3324  3423  3458  3565  3640  3640  3640  3718  3759  3842  3842  3930  4021  4117  4167  4270  4378  4434  4612  4674  4872  4872  4942  5163  5242  5406  5580  5672  5864  6071  6292  6179  6179  6179  5966  5864  5767  5672  3602  3679  3718  3718  3679  3679  3602  3640 
    0  3201  3231  3293  3324  3390  3458  3565  3602  3679  3800  3759  3759  3800  3842  3930  3975  4117  4218  4218  4378  4434  4551  4674  4804  4872  4942  5087  5242  5406  5491  5672  5864  6071  6292  6408  6179  6179  5966  5864  5767  5672  5672  3842  3800  3800  3800  3842  3759  3679 
    0  3201  3201  3293  3324  3390  3493  3565  3602  3679  3759  3842  3885  3885  3885  3885  3975  4021  4167  4218  4378  4434  4551  4674  4872  4872  4942  5087  5322  5406  5491  5672  5864  6179  6179  6408  6179  6179  6071  5767  5767  5672  5491  5406  5322  3975  3975  3975  3885  3930 
    0  3201  3231  3293  3324  3423  3493  3565  3640  3679  3718  3842  3885  3930  3975  3975  4021  4021  4117  4218  4378  4434  4551  4674  4804  4804  4872  5087  5242  5406  5580  5672  5864  6071  6292  6408  6179  6071  5864  5767  5767  5672  5580  5406  5322  5322  4021  4068  4117  4021 
    0  3201  3262  3293  3293  3390  3458  3528  3565  3679  3718  3800  3885  3885  3975  4021  4068  4167  4218  4218  4323  4434  4551  4674  4804  4804  4942  5087  5163  5406  5491  5672  5864  6179  6408  6408  6179  6071  5966  5767  5767  5672  5580  5406  5322  5242  5087  4218  4218  4218 
    0  3172  3231  3324  3324  3390  3458  3528  3602  3679  3759  3800  3842  3885  3975  3975  4117  4218  4270  4323  4323  4378  4492  4612  4674  4804  4872  5087  5163  5322  5491  5580  5864  5966  6179  6408  6179  6071  5767  5767  5767  5580  5491  5406  5242  5322  5013  4942  4434  4492 
    0  3172  3201  3293  3324  3390  3493  3565  3602  3640  3718  3800  3842  3885  3930  4021  4068  4167  4270  4378  4492  4551  4612  4612  4674  4738  4872  5013  5163  5242  5491  5672  5767  5966  6179  6292  6179  6071  5864  5767  5672  5672  5491  5322  5322  5087  5013  4872  4942  4738 
    0  3172  3201  3262  3324  3423  3528  3528  3565  3679  3679  3759  3842  3885  3930  3975  4068  4218  4270  4378  4434  4551  4674  4872  4872  4804  4872  4942  5163  5322  5491  5580  5767  5966  6179  6292  6179  5966  5864  5767  5767  5580  5491  5322  5322  5163  5013  5013  4872  4804 
    0  3172  3201  3293  3357  3423  3423  3528  3602  3679  3679  3800  3842  3842  3930  3975  4068  4218  4218  4378  4434  4551  4674  4804  4942  4872  5013  5013  5163  5322  5406  5580  5767  5864  6179  6292  6071  6071  5966  5672  5672  5491  5406  5322  5322  5087  4942  4942  4872  4738 
    0  3172  3231  3293  3324  3390  3458  3528  3565  3640  3679  3759  3800  3885  3842  3975  4068  4167  4218  4378  4434  4551  4674  4738  4872  4942  5087  5163  5242  5322  5406  5580  5767  6071  6179  6292  6179  6071  5767  5767  5672  5491  5580  5322  5163  5087  4942  4942  4942  4738 
    0  3172  3231  3324  3324  3423  3423  3528  3565  3640  3679  3718  3800  3885  3885  3975  4068  4167  4218  4323  4434  4551  4612  4738  4872  4942  5087  5163  5322  5406  5406  5580  5672  5966  6071  6179  6179  5966  5767  5767  5672  5767  5672  5322  5242  5163  5013  5013  5087     0 
    0  3172  3231  3293  3357  3423  3423  3528  3528  3602  3679  3718  3800  3842  3885  3975  4068  4167  4218  4323  4492  4612  4612  4804  4872  4872  5013  5163  5322  5406  5491  5672  5767  5864  6071  6292  6071  5966  5864  6071  5767  5864  5767  5672  5322  5322  5242  5242  5087  5087 
    0  3172  3201  3324  3293  3423  3458  3493  3565  3602  3640  3718  3842  3842  3885  3975  4068  4167  4218  4378  4434  4551  4674  4738  4872  4942  5013  5163  5322  5406  5491  5767  5767  6179  6179  6292  6179  6292  6292  6179  6071  5966  5767  5672  5491  5406  5322  5242  5163  5163 
    0  3143  3231  3293  3324  3390  3458  3493  3493  3640  3679  3679  3759  3842  3885  3975  4021  4117  4218  4378  4434  4551  4612  4738  4872  4872  5087  5163  5242  5406  5580  5767  5864  5966  6292  6292  6408  6292  6179  6179  6071  5767  5767  5672  5491  5406  5322  5242  5163  4942 
    0  3143  3201  3293  3357  3390  3423  3528  3528  3602  3679  3679  3759  3842  3842  3975  4021  4167  4218  4378  4434  4551  4612  4738  4804  4872  5013  5163  5242  5406  5491  5767  5864  5966  6292  6408  6408  6179  6179  6179  5864  5864  5767  5672  5580  5491  5322  5163  5087  5013 
    0  3115  3231  3262  3293  3390  3423  3493  3528  3565  3640  3679  3800  3842  3842  3975  4021  4167  4218  4323  4434  4551  4612  4738  4872  4872  5013  5163  5163  5406  5580  5672  5767  6071  6179  6408  6408  6179  6179  6071  5966  5767  5767  5672  5491  5406  5242  5087  5013  4942 
    0  3143  3231  3293  3293  3357  3390  3493  3528  3565  3602  3679  3718  3842  3842  3930  4021  4167  4218  4270  4434  4434  4612  4738  4872  4872  4942  5087  5242  5406  5491  5672  5767  6071  6179  6292  6408  6179  6179  6071  5864  5767  5767  5580  5491  5406  5242  5242  5087  4942 
    0  3115  3201  3262  3293  3357  3390  3423  3493  3565  3602  3679  3718  3842  3842  3975  4021  4167  4218  4218  4378  4492  4612  4674  4804  4872  5013  5163  5163  5406  5491  5580  5767  5966  6179  6292  6292  6179  6071  6071  5966  5767  5767  5580  5491  5406  5242  5163  5163  5013 
    0  3143  3201  3293  3293  3357  3390  3423  3528  3565  3640  3679  3718  3842  3842  3930  3975  4117  4218  4270  4378  4434  4612  4674  4738  4872  5013  5163  5242  5406  5406  5580  5767  5864  6179  6292  6179  6179  6071  6071  5966  5767  5672  5580  5491  5406  5087  5163  5013  4942 
    0  3143  3201  3293  3293  3324  3390  3423  3528  3565  3565  3679  3718  3842  3842  3975  3975  4167  4218  4270  4378  4434  4551  4612  4804  4872  5013  5163  5242  5406  5406  5491  5767  5864  6179  6292  6292  6071  5966  5966  5767  5672  5672  5491  5406  5322  5163  5013  5013  4872 
    0  3143  3201  3262  3262  3293  3390  3423  3493  3565  3565  3640  3718  3842  3842  3885  3975  4068  4218  4218  4378  4434  4612  4674  4804  4804  4942  5163  5242  5406  5491  5491  5672  5864  6179  6179  6179  6071  5966  5864  5672  5672  5580  5491  5406  5242  5163  5087  5013  4872 
    0  3143  3172  3231  3293  3324  3390  3423  3458  3528  3565  3679  3718  3842  3842  3885  4021  4068  4167  4218  4378  4378  4492  4674  4738  4804  4942  5087  5163  5406  5491  5491  5767  5864  6179  6179  6179  6071  5672  5672  5672  5672  5580  5406  5322  5322  5013  5013  4942  4942 
    0  3115  3201  3262  3293  3293  3390  3390  3493  3528  3565  3640  3718  3800  3842  3930  4021  4068  4167  4218  4270  4434  4492  4612  4738  4804  4942  5087  5163  5406  5491  5491  5672  5864  5966  6179  6071  5966  5767  5672  5672  5580  5491  5406  5322  5242  5163  5013  4942  4804 
    0  3087  3201  3231  3293  3293  3357  3390  3528  3528  3565  3640  3718  3800  3842  3885  3975  4021  4167  4167  4270  4378  4551  4612  4738  4804  4872  5087  5163  5322  5406  5491  5672  5767  5966  6071  6071  6071  5767  5672  5672  5406  5491  5406  5322  5242  5087  5013  4942  4804 
    0  3115  3172  3231  3262  3293  3357  3423  3458  3528  3565  3679  3718  3800  3842  3885  3975  4021  4167  4218  4378  4378  4492  4612  4674  4674  4872  5087  5163  5242  5491  5491  5580  5864  5966  6179  6071  6071  5672  5672  5672  5580  5491  5322  5322  5163  5087  5013  4942  4872 
    0  3115  3172  3231  3262  3293  3357  3390  3458  3493  3565  3640  3718  3759  3800  3842  3975  4021  4117  4218  4270  4378  4492  4612  4738  4804  4872  5087  5163  5242  5491  5491  5580  5864  5966  5966  5966  5966  5672  5672  5672  5580  5491  5406  5322  5242  5087  4942  4872  4872 
    0  3059  3172  3231  3262  3293  3390  3390  3423  3493  3565  3640  3718  3800  3800  3885  3975  4021  4117  4167  4270  4323  4434  4612  4738  4738  4872  5087  5163  5322  5406  5491  5580  5864  5966  6179  6071  5864  5672  5672  5491  5491  5406  5406  5322  5242  5013  4942  4942  4872 
    0  3087  3172  3201  3231  3293  3357  3390  3458  3493  3565  3602  3679  3759  3800  3885  3975  4068  4117  4218  4270  4378  4434  4612  4674  4804  4872  5013  5163  5322  5406  5491  5672  5767  5767  6179  6071  5966  5672  5672  5491  5491  5406  5322  5242  5242  5013  4942  4872  4804 
    0  3087  3172  3201  3262  3293  3324  3390  3423  3493  3565  3640  3679  3759  3800  3885  3930  4021  4117  4218  4270  4378  4434  4612  4674  4738  4804  5013  5163  5322  5406  5406  5580  5767  5864  6071  6071  5767  5672  5580  5491  5406  5491  5322  5322  5163  5013  4872  4942  4804 
    0  3087  3143  3201  3262  3293  3324  3390  3423  3528  3528  3640  3679  3759  3800  3842  3930  4021  4117  4167  4270  4323  4434  4551  4612  4738  4872  5013  5163  5242  5406  5406  5580  5767  5864  6071  5966  5864  5672  5580  5491  5406  5406  5322  5242  5087  5013  4942  4872  4738 
    0  3087  3143  3201  3231  3293  3357  3390  3423  3528  3528  3602  3679  3718  3800  3842  3930  3975  4117  4218  4218  4378  4434  4551  4612  4674  4804  4942  5087  5242  5406  5406  5580  5672  5864  5966  6071  5767  5580  5491  5406  5491  5322  5322  5163  5087  4942  4942  4804  4738 
    0  3059  3143  3172  3231  3293  3324  3390  3423  3493  3565  3602  3679  3718  3759  3842  3930  4021  4021  4167  4218  4378  4378  4551  4674  4674  4804  4942  5087  5163  5322  5406  5580  5767  5767  6071  5966  5864  5672  5491  5491  5491  5322  5242  5163  5087  5013  4872  4804  4674 
    0  3087  3115  3201  3231  3262  3324  3390  3423  3458  3528  3565  3718  3718  3800  3842  3930  3975  4021  4167  4218  4323  4378  4551  4674  4738  4804  4872  5087  5163  5163  5406  5406  5672  5864  5966  5966  5767  5672  5580  5406  5406  5322  5163  5242  5087  4804  4804  4738  4738 
    0  3059  3143  3201  3201  3262  3293  3357  3423  3423  3528  3565  3679  3718  3800  3842  3930  3975  4021  4167  4167  4323  4434  4492  4674  4738  4804  4942  5087  5163  5322  5406  5491  5580  5864  5966  5864  5767  5580  5580  5406  5406  5322  5322  5087  5087  4942  4942  4738  4674 
    0  3059  3143  3231  3201  3293  3293  3390  3423  3458  3493  3602  3679  3718  3800  3842  3930  3975  4021  4167  4218  4378  4434  4492  4612  4612  4804  4872  5087  5087  5322  5406  5491  5672  5767  6071  5864  5767  5580  5406  5406  5322  5322  5163  5087  5087  4872  4804  4738  4674 
    0  3059  3115  3201  3231  3262  3293  3390  3423  3423  3528  3565  3679  3718  3800  3800  3885  3975  4021  4167  4218  4323  4434  4492  4612  4612  4738  4872  4942  5087  5163  5242  5491  5672  5767  5864  5966  5767  5580  5406  5406  5322  5322  5242  5087  5013  4872  4804  4674  4804 
    0  3059  3087  3172  3231  3262  3293  3390  3390  3458  3528  3565  3602  3679  3718  3800  3930  3975  4021  4117  4218  4323  4434  4492  4612  4674  4804  4872  5013  5087  5242  5322  5491  5672  5767  5864  5864  5767  5491  5406  5406  5406  5322  5322  5163  5013  4804  4804  4738  4612 
    0  3087  3115  3172  3231  3262  3293  3390  3423  3458  3528  3528  3640  3718  3718  3800  3885  3975  4021  4117  4218  4323  4378  4434  4612  4612  4738  4804  4942  5087  5163  5406  5491  5580  5864  5864  5864  5767  5672  5672  5491  5322  5322  5163  5087  5087  4804  4738  4738  4612 
    0  3059  3115  3172  3201  3262  3293  3390  3423  3458  3493  3565  3602  3679  3679  3800  3885  3975  4021  4167  4218  4323  4434  4434  4612  4612  4738  4872  4942  5087  5163  5322  5491  5580  5767  5966  5864  5767  5672  5580  5580  5322  5322  5242  5087  5087  4872  4738  4738  4612 
    0  3059  3087  3172  3201  3262  3293  3357  3390  3458  3528  3565  3640  3679  3718  3800  3842  3975  4021  4117  4167  4323  4378  4492  4612  4612  4804  4872  4942  4942  5163  5406  5406  5580  5767  5966  5864  5767  5672  5672  5491  5406  5322  5163  5013  5013  4942  4804  4738  4674 
    0  3033  3087  3172  3172  3231  3293  3324  3423  3423  3528  3565  3602  3679  3679  3800  3885  3975  4021  4021  4167  4218  4378  4434  4551  4612  3201  4872  4942  5087  5087  5322  5406  5580  5864  5966  5767  5767  5672  5580  5580  5406  5322  5242  5087  5013  4804  4804  4804  4674 
    0  3006  3087  3172  3172  3262  3293  3324  3390  3423  3493  3565  3602  3640  3679  3800  3842  3930  2881  2905  4167  4218  4323  4434  4612  4612  3172     0     0     0     0     0     0  5580     0     0  5767  5767  5672  5580  5406  5406  5322  5163  5013  5013  4942  4674  4674  4674 
    0  3059  3087  3143  3172  3231  3293  3357  3390  3423  3458  3528  3602  3679  2599  2619  2722  2659  2810  2810  2788  2107  2619     0  4612  4612  3640  3087     0     0     0  2680  2619     0     0     0     0  5767  5672  5580  5406  5322  5322  5163  5013  4942  4804  4738  4674  4551 
    0  3033  3059  3143  3172  3231  3293  3357  3390  3423  3528  3528  2722  2680  2542  1931  1941     0  2580  2082  2057  2057  2107     0  4551  4612  3640  3033  4872  5163     0  2701  2639  2560  2542  2487     0     0     0     0  5406  5322     0  5087  5087  5013  4804  4738  4738  4612 
    0  3033  3059  3143  3172  3231  3293  3324  3390  2701  2765  2743  2659  2619  2505  1920  1941  2009  2045  1998  1975  1986  2033     0  4551  4612  3640  3059  4872  5013  3975  2701  2639  2560  2542  2487     0     0     0  3059     0     0     0     0     0  4804  4738  4738  4674  4674 
    0  3006  3059  3143  3172  3231  3262  2680  2560  2560     0  2542  1899  2580  2505  1909  1931  1975  1964  1964  1952  1941  1975  2057     0  4551  3565  3033  4872  5013  3975  2701  2639  2580  2542  2487     0  2881  2834  2857  2881     0  2857     0     0     0     0  2187  2160  4492 
    0  3033  3087  3115  3143  3201  3262  2680     0  2367  2351  2384  1868  1800  1754  1920  1931  1952  1931  1931  1931  1931  1941  1986     0  4551  3602  3059  4872  4942  4021  2722  2639  2599  2542  2505     0     0  5491  5406  2701  2639  2680  2619     0  2639  2659  2187  2120  2095 
    0  3006  3059  3087  3143  3231  3262  2680  2505  3423  2289  2274  1878  1809  1754  1736  1899  1909  1899  1899  1909  1909  1931  1952  2335  4612  3602  3059  4872  5013  3975  2722  2639  2580  2542  2505  2469     0  5580  5406  5322  5163  5163  2560  2523  2560  4674  4674  2133  2107 
    0  3033  3033  3115  3115  3172  3262  2680  3423  3423  3493  2187  1909  1819  1763  1728  1899  1888  1888  1888  1888  1899  1909  1931  2230  2187     0  3059  4804  5013  3423  2722  2659  2599  2560  2523  2469     0  5491  5322  5322  5163  5087  5013  2523     0  4738  4551  2160  2107 
    0  3059  3033  3059  3143  3172  3262  2659  3357  3423  3458  3565  1909  1828  1763  1736  1888  1878  1888  1878  1888  1888  1909  1931  2120  2095  2107  2120     0     0  3293  2722  2680  2619  2542  2523  2469     0     0     0  5322  5322  5087  5013  2505     0  4738  2201  2147  2095 
    0  3033  3059  3059  3115  3172  3262  2659  3390  3423  3458  3528  1909  1838  1772  1736  1899  1899  1888  1878  1878  1888  1909  1975  1998  2009  1998     0  1998  1998  1998  2701  2680  2619  2560  2505  2469     0     0     0     0     0  5163  5013  2505  4872  4738  2174  2147  2107 
    0  2980  3033  3087  3087  3172  3231  2659  3357  3390  3458  3528  1941  1828  1772  1736  1858  1858  1858  1848  1878  1868  1878  1878  1899  1878  1899  1888  1909  1909  1920  1920  1909  2619  2560  2505  2469     0     0     0     0     0     0     0  2505     0  4738  2201  2174  2120 
    0  2980  3059  3087  3115  3172  3201  2659  3324  3390  3423  3528  1952  1858  1781  1745  1754  1772  1763  1772  1790  1781  1800  1800  1800  1800  1800  1800  1819  1838  1819  1838  1878     0  2560  2505  2451  2788     0     0     0     0     0     0  2487     0     0     0  2160  2095 
    0     0  2400  3115  3059  3143  3231  2639  3324  3390  3423  3528  1964  1858  1790  1745  1745  1719  1686  1694  1702  1702  1711  1711  1719  1719  1719  1728  1728  1754  1736  1728  1728  1736  2560  2523  2451  2701  2680  2701  2680     0     0     0  2487     0     0  2187  2160  2095 
    0  2367  2351     0  3033  3115  3172  2639  3324  3390  3423  3458  1964  1868  1790  1745  1736     0  1661  1622  1622  1630  1630  1630  1645  1630  1653  1661  1661  1669  1661  1661  1669  1677  1686  2505  2451  2599  2580  2599     0     0     0     0  2505     0     0     0  2160  2095 
    0  2274  2320     0  3059  3087  3143  2619  3262  3357  3423  3458  1986  1868  1790  1745  1736     0     0     0  1571  1556  1556  1578  1578  1571  1571  1585  1585  1585  1585  1600  1600  1592  1607  1622  1592     0     0     0     0     0     0     0  2487     0     0     0  2160  2133 