    0  1151  1204     0     0  3143  3357  3528  3718  3759  3759  3759  3759  3759  3759  3759  3759  3759  3759  3800  3800  3718  3759  3800  3800  3759  3800  3800  3800  3800  3759  3842  3842  3885  3800  3842  3842  3842  3842  3800  3842  3842  3800  3885     0  3885  3800  3800  3718  3679 
    0  1155  1191  1247     0  3115  3357  3528  3718  3759  3759  3718  3759  3718  3718  3759  3759  3759  3800  3759  3759  3759  3759  3800  3800  3759  3759  3800  3800  3800  3759  3800  3800  3842  3800  3800  3842  3842  3842  3800  3800  3800  3885  3800  3759  3842  3800  3842  3718  3602 
    0  1148  1195  1238     0  3143  3324  3565  3679  3759  3759  3718  3759  3759  3759  3759  3718  3718  3718  3718  3759  3718  3718  3800  3718  3718  3759  3800  3759  3800  3759  3759  3800  3842  3800  3800  3800  3842  3842  3759  3800  3800  3842  3800  3800  3800  3800  3800  3718  3640 
    0  1144  1191  1243     0  3115  3357  3528  3640  3718  3718  3718  3759  3718  3759  3759  3679  3679  3759  3718  3759  3718  3718  3759  3718  3718  3759  3759  3800  3800  3759  3800  3800  3842  3800  3800  3759  3800  3800  3800  3759  3800  3800  3759  3800  3759  3800  3800  3718  3640 
    0  1144  1191  1234     0  3143  3357  3528  3679  3718  3759  3718  3718  3718  3718  3718  3718  3718  3718  3718  3718  3679  3759  3679  3800  3759  3759  3759  3759  3800  3759  3759  3759  3842  3800  3800  3842  3759  3800  3759  3842  3759  3800  3759  3759  3759  3759  3800  3718  3718 
    0  1144  1187  1234     0  3143  3324  3640  3718  3759  3759  3679  3718  3759  3718  3718  3679  3718  3718  3718  3718  3679  3718  3718  3759  3759  3718  3759  3759  3800  3759  3759  3759  3800  3759  3842  3800  3842  3800  3759  3800  3800  3800  3759  3759  3759  3842  3800  3718  3679 
    0  1144  1187  1229     0  3115  3357  3602  3718  3759  3718  3679  3718  3718  3718  3718  3718  3679  3718  3679  3718  3679  3679  3718  3800  3718  3718  3800  3800  3759  3718  3759  3759  3759  3759  3800  3842  3800  3759  3759  3718  3759  3800  3759  3759  3800  3800  3800  3718  3718 
    0  1140  1183  1229     0  3143  3390  3602  3679  3759  3759  3679  3679  3718  3718  3679  3679  3679  3679  3718  3718  3718  3718  3759  3759  3718  3718  3759  3759  3759  3759  3718  3759  3800  3759  3759  3842  3800  3759  3718  3759  3800  3800  3718  3759  3759  3800  3759  3759  3718 
    0  1136  1183  1225     0  3143  3357  3565  3718  3718  3759  3679  3679  3718  3718  3718  3679  3679  3718  3718  3718  3679  3718  3679  3718  3679  3718  3759  3759  3759  3718  3759  3759  3759  3759  3759  3759  3800  3759  3759  3759  3759  3759  3759  3759  3759  3759  3759  3759  3718 
    0  1136  1183     0     0  3087  3390  3528  3679  3718  3718  3718  3679  3679  3679  3718  3679  3679  3718  3679  3718  3679  3679  3718  3679  3679  3679  3718  3718  3759  3718  3759  3759  3800  3759  3800  3800  3800  3759  3759  3759  3759  3800  3759  3759  3718  3800  3759  3718  3718 
    0  1133  1183  1238     0  3087  3357  3565  3718  3679  3679  3679  3679  3640  3679  3679  3679  3718  3679  3679  3679  3679  3679  3718  3679  3640  3679  3718  3759  3718  3718  3718  3759  3759  3718  3759  3759  3718  3759  3759  3800  3759  3759  3759  3718  3759  3718  3759  3759  3679 
    0  1129  1183  1234     0  3115  3324  3565  3679  3679  3679  3640  3640  3602  3640  3679  3679  3640  3640  3679  3679  3679  3679  3679  3718  3640  3679  3718  3718  3718  3718  3718  3718  3759  3718  3718  3759  3759  3800  3759  3759  3759  3718  3718  3718  3759  3759  3759  3718  3759 
    0  1129  1183     0     0  3087  3324  3528  3640  3640  3640  3602  3602  3602  3602  3602  3679  3679  3679  3679  3718  3679  3679  3718  3679  3640  3679  3679  3718  3759  3679  3718  3718  3759  3718  3759  3800  3800  3759  3718  3759  3759  3759  3718  3718  3718  3759  3759  3718  3718 
    0  1133  1179  1234     0  3087  3324  3528  3640  3679  3640  3602  3602  3640  3602  3640  3640  3679  3640  3679  3679  3679  3679  3679  3718  3640  3679  3679  3718  3718  3679  3718  3718  3759  3718  3679  3759  3718  3759  3759  3718  3718  3759  3718  3718  3718  3679  3759  3718  3718 
    0  1133  1183     0     0  3059  3262  3528  3640  3640  3640  3602  3602  3602  3640  3640  3640  3640  3679  3679  3718  3640  3679  3679  3679  3640  3679  3640  3718  3718  3718  3718  3718  3718  3718  3718  3718  3718  3759  3718  3759  3759  3718  3679  3718  3759  3679  3759  3718  3718 
    0  1133  1183  1229     0  3059  3324  3565  3640  3640  3640  3602  3602  3640  3602  3640  3640  3640  3640  3640  3679  3679  3640  3679  3679  3640  3640  3679  3679  3679  3640  3640  3679  3718  3718  3679  3718  3679  3718  3679  3718  3718  3759  3679  3718  3679  3718  3759  3679  3718 
    0  1125  1179  1221     0  3087  3293  3493  3602  3602  3602  3565  3602  3602  3602  3602  3640  3640  3679  3679  3679  3640  3640  3640  3679  3640  3640  3679  3640  3640  3679  3640  3679  3718  3679  3679  3679  3718  3759  3718  3718  3718  3718  3679  3718  3718  3718  3718  3679  3679 
    0  1122  1183     0     0  3087  3324  3528  3602  3602  3640  3565  3602  3602  3602  3602  3602  3602  3640  3679  3679  3640  3640  3679  3640  3640  3640  3640  3640  3679  3679  3602  3679  3718  3679  3679  3679  3718  3718  3679  3759  3718  3718  3640  3718  3679  3718  3718  3640  3679 
    0  1133  1179  1225     0  3059  3293  3493  3602  3602  3602  3565  3565  3565  3602  3602  3602  3640  3640  3679  3679  3640  3679  3640  3640  3640  3640  3640  3640  3679  3640  3640  3679  3679  3679  3679  3679  3718  3718  3679  3718  3718  3718  3640  3679  3679  3679  3759  3679  3718 
    0  1133  1179     0     0  3059  3293  3493  3602  3602  3602  3565  3565  3565  3565  3602  3602  3602  3640  3640  3679  3640  3640  3640  3679  3640  3640  3640  3640  3679  3602  3640  3640  3679  3640  3640  3640  3718  3718  3679  3679  3718  3759  3759  3718  3679  3718  3679  3679  3602 
    0  1125  1179     0     0  3033  3262  3493  3602  3565  3640  3565  3565  3602  3602  3602  3565  3640  3640  3602  3679  3640  3640  3640  3679  3602  3602  3640  3640  3640  3602  3602  3640  3679  3640  3640  3679  3718  3718  3679  3679  3679  3679  3640  3640  3679  3679  3679  3640  3602 
    0  1129  1179     0     0  3059  3262  3493  3565  3565  3602  3565  3565  3565  3602  3640  3602  3602  3640  3602  3640  3602  3640  3640  3640  3602  3602  3640  3640  3640  3602  3565  3602  3640  3602  3602  3679  3679  3679  3640  3679  3679  3718  3679  3718  3679  3679  3679  3640  3640 
    0  1125  1179     0     0  3033  3262  3493  3565  3565  3565  3528  3565  3565  3602  3602  3565  3602  3565  3640  3640  3602  3640  3640  3640  3602  3640  3640  3640  3640  3602  3565  3602  3640  3602  3640  3640  3679  3679  3679  3679  3718  3718  3679  3679  3679  3718  3679  3640  3640 
    0  1133  1183     0     0  3059  3231  3458  3565  3602  3528  3528  3565  3565  3565  3602  3565  3602  3602  3602  3640  3565  3640  3602  3640  3602  3640  3640  3640  3640  3602  3565  3602  3640  3602  3640  3640  3679  3679  3679  3679  3679  3679  3640  3640  3640  3640  3679  3640  3640 
    0  1129  1179     0     0  3006  3262  3458  3528  3565  3565  3528  3528  3565  3602  3565  3565  3565  3640  3602  3602  3602  3602  3602  3602  3602  3602  3640  3640  3640  3602  3565  3602  3602  3602  3602  3602  3679  3679  3640  3679  3718  3679  3640  3640  3640  3640  3679  3640  3602 
    0  1125  1183     0     0  3033  3262  3458  3565  3565  3528  3528  3565  3565  3565  3565  3565  3565  3602  3602  3602  3565  3565  3565  3602  3602  3602  3602  3640  3640  3565  3565  3565  3602  3565  3602  3640  3640  3679  3640  3679  3679  3679  3640  3640  3640  3640  3640  3640  3602 
    0  1129  1179  1221     0  3033  3262  3423  3528  3528  3528  3528  3565  3565  3565  3565  3565  3565  3565  3565  3565  3528  3565  3602  3602  3602  3602  3602  3602  3640  3565  3565  3602  3602  3565  3602  3602  3640  3679  3640  3640  3679  3679  3640  3640  3602  3640  3640  3565  3602 
    0  1122  1179     0     0  3033  3262  3458  3565  3528  3528  3528  3528  3528  3565  3565  3565  3528  3565  3565  3565  3528  3565  3565  3602  3602  3602  3602  3640  3602  3602  3565  3565  3565  3565  3565  3565  3602  3679  3640  3640  3640  3679  3640  3640  3640  3602  3640  3565  3602 
    0  1122  1179     0     0  3033  3262  3423  3528  3493  3528  3528  3528  3493  3565  3565  3528  3528  3565  3565  3565  3528  3528  3565  3565  3528  3602  3602  3602  3640  3602  3565  3565  3565  3565  3565  3602  3602  3640  3640  3640  3679  3640  3640  3602  3640  3640  3640  3565  3602 
    0  1122  1175     0     0  3006  3262  3423  3528  3493  3528  3458  3528  3528  3528  3602  3528  3528  3528  3565  3565  3565  3528  3528  3565  3565  3565  3602  3602  3602  3602  3565  3565  3602  3565  3565  3565  3602  3640  3602  3602  3640  3679  3640  3640  3602  3640  3640  3602  3565 
    0  1125  1175     0     0  3006  3262  3357  3423  3458  3458  3423  3458  3423  3528  3493  3493  3528  3565  3528  3565  3493  3528  3565  3528  3493  3602  3602  3602  3602  3602  3565  3565  3602  3565  3565  3565  3565  3602  3602  3640  3640  3602  3640  3602  3602  3640  3640  3565  3602 
    0  1129  1171     0     0  3006     0     0     0     0  3324  3390  3423  3458  3458  3458  3493  3528  3528  3565  3565  3493  3528  3528  3528  3528  3565  3602  3602  3602  3565  3528  3565  3565  3528  3565  3565  3602  3602  3602  3602  3640  3640  3602  3640  3602  3602  3602  3565  3565 
    0  1125  1175     0     0  2905     0     0     0     0  3293  3324  3357  3390  3423  3423  3493  3528  3528  3528  3565  3528  3528  3528  3528  3528  3565  3602  3602  3602  3528  3565  3528  3565  3528  3528  3565  3565  3565  3602  3602  3602  3640  3602  3602  3602  3602  3602  3565  3565 
    0  1122  1175     0     0     0     0     0     0     0  3262  3357  3357  3390  3357  3390  3493  3528  3565  3528  3565  3493  3528  3528  3528  3528  3565  3602  3602  3602  3528  3528  3528  3565  3528  3528  3565  3565  3602  3565  3565  3640  3640  3565  3602  3602  3602  3602  3493  3565 
    0  1122  1167     0     0  2955     0     0     0     0  3172  3390  3390  3390  3458  3458  3493  3528  3528  3528  3528  3528  3528  3528  3528  3493  3493  3528  3602  3602  3528  3493  3528  3565  3528  3528  3528  3565  3602  3565  3602  3602  3602  3528  3602  3565  3602  3602  3493  3565 
    0  1118  1167     0     0  3006     0     0     0     0     0  3423  3423  3423  3458  3458  3493  3528  3528  3528  3565  3528  3493  3528  3528  3493  3528  3528  3528  3565  3528  3528  3565  3565  3528  3528  3565  3565  3565  3528  3565  3602  3602  3565  3565  3602  3565  3565  3528  3528 
    0  1122  1171     0     0  3006     0     0     0     0     0  3357  3390  3423  3458  3458  3423  3528  3493  3528  3528  3528  3493  3493  3528  3493  3528  3528  3565  3565  3528  3528  3493  3528  3528  3528  3528  3565  3565  3528  3528  3602  3602  3602  3565  3565  3528  3565  3493  3528 
    0  1118  1163     0     0  3033     0     0     0     0     0  3324  3324  3390  3458  3458  3493  3493  3528  3528  3528  3493  3528  3528  3528  3493  3528  3565  3565  3565  3528  3493  3528  3528  3493  3528  3528  3565  3565  3565  3528  3565  3602  3565  3565  3528  3493  3565  3493  3493 
    0  1129  1171     0     0  3033     0     0     0     0  3201  3324  3293  3324  3458  3493  3458  3528  3528  3528  3528  3493  3493  3528  3565  3493  3565  3493  3565  3528  3493  3528  3528  3528  3528  3565  3528  3565  3565  3565  3528  3565  3565  3493  3528  3528  3565  3528  3493  3528 
    0  1118  1175     0     0  3059  2905     0  3033  3172  3231  3201  3201  3293  3458  3493  3458  3493  3493  3528  3528  3493  3493  3528  2722  2834  2905  2980  3528  3528  3493  3493  3493  3528  3528  3493  3528  3565  3565  3528  3528  3602  3528  3493  3493  1763  1763     0     0     0 
    0  1122  1167     0     0  3059  3231     0  3262  3231  3231  3201  3201  3293  3458  3458  3423  3458  3493  3493  3528  3493  3493  3493  2680  2788  2905  3006  3528  3493  3493  3493  3493  3565  3528  3528  3528  3565  3565  3528  3528  3565  3565  3565  2400  1745  1745  1781  1790  1763 
    0  1118  1171     0     0  3059     0     0  2810  2930  2955  3033  3143  3390  3458  3458  3458  3493  3493  3493  3528  3493  3493  3493  2701  2765  2881  2955  3493  3493  3493  3493  3493  3493  3528  3493  3528  3528  3528  3528  3528  1848  1745  3493  2400  1745  1736  1736  1728  1669 
    0  1118  1167     0     0  2230  2244  2701  2722  2810  2857  2810     0  3423  3458  3458  3458  3493  3493  3528  3493  3493  3493  3528  2659  2701  2857  2955  3493  3493  3493  3458  3493  3565  3493  3528  3528  3528  2743     0     0  1858  1736  1653  1600  1585  1736  1728  1669  1653 
    0  1118  1171     0     0  2174  2230     0  2487     0  2599     0     0  3423  3458  3458  3423  3458  3493  3528  3458  3458  3493  2639  2659  2659  2810  2905  3493  3493  3458  3493  3493  3493  3493  3528  3528  2810  2599  2434     0  1868  1745  1669  1592  1563  1719  1686  1645  1645 
    0  1114  1167     0     0  2147  2244     0     0  2400  2599     0  3087  3423  3458  3423  3423  3423  3493  3423  3493  3458  3458  2619  2659  2639  2810  2905  2980  3493  3458  3458  3493  3493  3528  3528  3528  2810  3493  2304  2244  1878  1745  1661  1600  1563  1694  1669  1645  1622 
    0  1114  1163     0  2009  2069  2095  2120     0  2434  2619     0     0  3423  3423  3423  3423  3423  3458  3458  3493  3458  3458  2599  2680  2639  2788  2881  2955  3493  3458  3458  3458  3528  3493  3493  3528  2834  3528  3493  3493  1888  1763  1677  1600  1556  1694  1653  1622  1607 
    0  1114  1167     0  1920  1941  1986  2160     0  2434  2599     0     0  3390  3423  3423  3423  3423  3423  3423  3493  3458  3423  2599  2659  2619  2701  2881  2905  3458  3458  3458  3458  3493  3458  3458  3528  2810  3528  3493  3458   990   984  1686  1607  1542  1694  1669  1630  1615 
    0  1118  1163     0  1838  1858  2021  2133  2274  2417  2619  2834  3115  3390  3423  3423  3423  3423  3423  3423  3458  3458  3423  2580  2659  2619  2680  2881  2905  2905  3458  3458  3458  3458  3493  3458  3493  2810  3528  3493   990   984   981   973   962   959   954   949   946   941 
    0  1114  1159     0  1819  1868  1986  2120  2274  2417  2599  2810     0  3357  3423  3423  3423  3423  3423  3458  3458  3390  2599  2599  2659  2580  2659  2810  2905  2955  3458  3458  3458  3493  3458  3493  3493  2765  3528  3493   984   981   976   970   962   959   952   946   944   936 
    0  1122  1159     0  1819  1888  2009  2120  2230  2434  2619     0  3087  3390  3423  3423  3423  3390  3423  3423  3458  3423  2580  2599  2680  2560  2619  2743  2810  2857  3493  3458  3493  3458  3458  3493  3493  2788  3528  3458   981   978   973   965   959   952   952   941   939   936 
    0  1118  1159     0  1819  1888  2009  2120  2289  2417  2619  2834  3087  3390  3390  3423  3390  3423  3423  3423  3423  3423  2560  2580  2659  2542  2560  2599  2701  2722  2659  2599  2619  2680  3458  3458  3458  2810  3458  3423   976   973   973   959   957   949   944   941   939   931 
    0  1114  1159     0  1819  1858  1998  2120  2274  2434  2599     0  3115  3390  3423  3423  3390  3390  3390  3423  3423  3390  2580  2599  2639  2542  2542  2542  2505  2469  2487  2451  2523  3458  3458  3458  3458  2765  3528  3458   973   968   965   959   952   949   941   939   936   928 
    0  1114  1159     0  1809  1868  2009  2133  2274  2417  2599     0  3059  3390  3390  3423  3390  3390  3423  3390  3423  3390  2560  2619  2639  2505  2505  2857     0  2955  3458  2400  3458  3458  3423  3458  3458  2788  3423  3423   970   965   962   954   949   944   939   936   933   926 
    0  1122  1159     0  1809  1858  2009  2133  2289  2434  2599     0  3262  3357  3390  3390  3390  3390  3390  3423  3390  3390  3390  3390  2639  2487  2487  2810     0  3458  3423  3423  3423  3458     0  3423  3423  2765  3423  3423   968   962   959   952   949   944   941   931   928   921 
    0  1114  1163     0  1809  1828  2009  2133  2259  2417  2619     0  3324  3357  3390  3423  3390  3390  3390  3423  3390  3390  3390  3390  3390  2505  2487  2810     0  3458  3423  3458  3423  3458     0  3423  3458  2765  3423  3390   965   962   954   949   944   941   936   933   926   923 
    0  1118  1159     0  1809  1888  2009  2120  2274     0  2580     0  3293  3357  3390  3390  3357  3390  3390  3390  3423  3390  3390  3390  3423  2505  2469  2881  3390  3458  3357  3423  3423  3458  3423  3423  3423  2743  3423  3390   962   957   952   949   944   939   933   931   926   916 
    0  1122  1159     0  1800  1858  1986  2120  2259  2400  2599     0  3115  3324  3357  3390  3390  3390  3390  3390  3390  3357  3357  3390  3390  2487  2469  2857     0  3423  3390  3423  3423  3423  3293  3390  3390  2765     0  3324   957   954   952   941   939   939   931   926   926   916 
    0  1122  1159     0  1800     0  1998  2107  2244  2417  2619     0  3115  3293  3262  3262  3262  3172  3231  3262  3262  3231  3262  3262  3262  2487  2469     0     0  3262  3201  3172  3201  3231     0  3201  3172  2743     0  3172   954   952   946   941   939   936   931   928   916   904 
    0  1118  1163     0  1790  1888  1964  2095  2259  2400  2580     0  3033  3115  3143  3172  3115  3115  3143  3143  3172  3115  3115  3143  3143  2487  2469     0     0  3115  3115     0  3087  3087  3143  3115  3087  2743     0  3115   954   946   949   941   936   931   928   928   919   904 
    0  1129  1171     0  1702     0     0  2107  2259  2417  2560     0  2955  3033  3033  3059  2980  3033  3033  3006  3006  2955  2955  3033  2980  2469  2469     0  2980  3006  2955  3006  2955  3006  2930     0  2955  2743  2955  2955   949   944   941   939   936   931   928   926   916   899 