    0  3293  3262  3293  3262  3293  3357  3458  3493  3565  3679  3759  3800  3885  3885  3930  4068  4167  4218  4270  4378  4434  4492  4674  4804  4872  4872  5087  5242  5322  5491  5580     0  5672     0     0     0     0  5966  5767  5672  5672  6071  3493  3493  3493  3493  3423  3357  3324 
    0  3357  3293  3324  3390  3390  3423  3458  3493  3565  3679  3718  3800  3842  3885  3975  4068  4167  4218  4270  4378  4434  4551  4612  4738  4804  4872  5013  5163  5322  5491  5491  5672  5864     0     0  5966  6071  5864  5767  5672  5672  5491  5242  3602  3640  3602  3528  3528  3423 
    0  3293  3262  3324  3357  3458  3493  3565  3602  3602  3640  3679  3759  3885  3885  3930  4021  4117  4218  4218  4323  4378  4492  4612  4738  4804  4872  5087  5163  5322  5491  5491  5672  5864  6071  6179  6071  6071  5864  5767  5672  5580  5406  5322  5163  3718  3679  3679  3640  3458 
    0  3262  3201  3324  3390  3458  3528  3602  3640  3718  3718  3759  3759  3842  3885  3930  4021  4068  4218  4218  4323  4434  4434  4612  4674  4804  4872  5087  5163  5242  5406  5491  5580  5767  6071  6179  6071  5966  5864  5767  5491  5580  5406  5322  5242  5087  3842  3842  3759  3679 
    0  3262  3262  3324  3357  3458  3493  3602  3640  3718  3759  3842  3842  3885  3885  3885  3975  4068  4218  4218  4323  4378  4492  4551  4674  4804  4872  5087  5163  5242  5406  5491  5672  5767  6071  6179  6071  5966  5864  5672  5580  5580  5406  5322  5163  5163  5087  3975  3975  3885 
    0  3231  3231  3293  3357  3458  3493  3640  3602  3718  3800  3842  3885  3930  3975  3975  4021  4068  4167  4167  4270  4378  4434  4612  4674  4738  4872  5013  5087  5242  5406  5406  5672  5767  5966  6179  6071  5966  5864  5767  5672  5580  5242  5242  5163  5163  4942  4872  4068  3975 
    0  3231  3231  3324  3357  3458  3528  3602  3602  3718  3718  3842  3885  3930  4021  4021  4117  4167  4167  4167  4270  4378  4434  4612  4738  4804  4872  4942  5087  5242  5406  5406  5672  5767  5966  6179  6071  5966  5864  5672  5580  5580  5242  5087  5163  5013  4942  4942  4738  4270 
    0  3231  3231  3293  3357  3423  3493  3602  3602  3718  3759  3800  3885  3930  3930  4021  4117  4218  4270  4270  4323  4378  4434  4551  4674  4738  4804  4942  5087  5163  5406  5406  5580  5767  5966  6179  6071  5966  5767  5767  5580  5491  5242  5242  5163  5163  4942  4872  4738  4612 
    0  3231  3262  3293  3357  3458  3528  3602  3640  3679  3759  3800  3842  3930  3975  4021  4068  4218  4270  4323  4434  4492  4434  4612  4674  4674  4804  4872  5087  5242  5322  5406  5580  5767  6071  6179  6071  5966  5864  5672  5672  5491  5242  5163  5163  5087  4872  4942  4804  4738 
    0  3201  3231  3293  3357  3458  3528  3602  3602  3679  3718  3800  3885  3930  3930  4021  4117  4167  4270  4323  4378  4492  4612  4674  4674  4674  4804  4872  5087  5163  5406  5406  5580  5767  5966  6179  6071  5966  5767  5672  5580  5580  5242  5242  5087  5163  4942  4804  4804  4612 
    0  3231  3262  3324  3423  3458  3493  3602  3640  3602  3718  3759  3885  3885  3885  4021  4068  4218  4270  4323  4378  4551  4612  4674  4872  4872  4872  5013  5087  5163  5406  5406  5580  5767  5864  6179  6071  6071  5672  5672  5672  5580  5242  5163  5163  4942  4872  4872  4738  4612 
    0  3231  3262  3324  3390  3458  3493  3602  3640  3640  3718  3759  3842  3885  3885  4021  4068  4218  4270  4270  4434  4492  4612  4674  4804  4872  4942  5087  5163  5242  5242  5406  5491  5767  5864  6071  6071  5864  5767  5672  5580  5406  5322  5406  5163  4942  4942  4872  4872     0 
    0  3201  3231  3324  3423  3458  3528  3565  3602  3679  3718  3759  3800  3885  3885  3975  4068  4218  4218  4323  4378  4492  4612  4738  4872  4872  4942  5087  5242  5406  5491  5491  5580  5672  5966  6071  6071  5966  5767  5672  5672  5672  5580  5580  5406  5163  5163  5163  5087  4942 
    0  3231  3231  3324  3357  3458  3493  3565  3602  3640  3718  3759  3800  3885  3885  3975  4068  4167  4270  4323  4378  4492  4612  4674  4872  4872  4942  5087  5163  5406  5491  5491  5672  5966  5767  5966  6071  5966  5864  5864  5767  5767  5580  5580  5322  5242  5242  5163  5087  4872 
    0  3231  3262  3324  3357  3458  3493  3565  3565  3640  3718  3718  3759  3885  3885  3930  4068  4167  4270  4323  4378  4434  4612  4674  4738  4872  4942  5087  5242  5322  5406  5580  5672  5864  6071  6292  6179  6408  6179  6071  5864  5767  5580  5580  5406  5322  5242  5242  5087  5013 
    0  3231  3231  3324  3357  3458  3493  3565  3565  3602  3679  3718  3759  3842  3885  3975  4068  4167  4218  4270  4378  4492  4551  4674  4804  4804  4872  5087  5163  5322  5406  5406  5672  5767  5966  6179  6408  6292  6179  5966  5966  5672  5580  5491  5406  5242  5242  5163  5013  4872 
    0  3201  3231  3324  3357  3493  3493  3493  3565  3602  3640  3759  3759  3885  3885  3975  4068  4167  4270  4270  4378  4492  4612  4674  4738  4872  4872  5163  5163  5242  5406  5406  5672  5864  6071  6179  6292  6179  6071  6071  5966  5767  5580  5491  5322  5242  5163  5163  5013  4872 
    0  3231  3231  3293  3357  3458  3493  3493  3565  3602  3679  3679  3800  3885  3842  3930  4021  4117  4218  4270  4378  4434  4612  4674  4738  4872  4872  5087  5163  5322  5406  5406  5580  5767  6071  6179  6292  6292  6071  6071  5966  5767  5580  5491  5491  5242  5242  5163  4942  4804 
    0  3201  3231  3293  3390  3423  3458  3493  3565  3602  3602  3718  3759  3842  3842  3930  4068  4117  4218  4270  4378  4434  4551  4674  4804  4804  4872  5087  5087  5242  5406  5406  5672  5767  5966  6071  6292  6292  6071  5966  5966  5864  5580  5491  5406  5242  5163  5087  5013  4872 
    0  3172  3231  3293  3357  3390  3493  3493  3528  3602  3640  3679  3759  3800  3842  3930  4021  4167  4218  4218  4378  4434  4551  4674  4738  4804  4872  5013  5087  5242  5406  5406  5491  5767  5767  6071  6179  6071  6071  5966  5864  5672  5580  5406  5242  5242  5163  5163  4872  4872 
    0  3201  3231  3293  3357  3390  3423  3493  3493  3565  3602  3679  3759  3842  3885  3930  4021  4117  4270  4218  4378  4434  4551  4612  4738  4804  4872  5013  5163  5242  5322  5406  5580  5672  5864  6071  6292  6071  6071  5966  5864  5767  5580  5406  5406  5242  5163  5087  4804  4674 
    0  3201  3231  3262  3357  3423  3493  3493  3493  3602  3602  3718  3759  3800  3842  3975  4021  4117  4218  4218  4323  4378  4492  4674  4674  4804  4872  5087  5087  5242  5406  5322  5491  5672  5767  6071  6179  6179  5966  5966  5767  5672  5491  5406  5242  5163  5163  5013  4872  4804 
    0  3201  3231  3231  3324  3390  3458  3493  3458  3565  3602  3679  3759  3842  3842  3930  4021  4068  4218  4218  4270  4378  4492  4612  4674  4804  4872  4872  5087  5242  5406  5406  5491  5672  5864  6071  6071  6071  5966  5672  5672  5580  5406  5322  5242  5163  5163  5013  4804  4804 
    0  3201  3201  3293  3324  3390  3423  3493  3458  3565  3602  3679  3718  3800  3842  3975  4021  4117  4218  4218  4270  4378  4492  4551  4674  4804  4872  5013  5087  5242  5322  5322  5491  5580  5767  6071  6071  6071  5966  5672  5672  5580  5322  5242  5242  5087  5087  5087  4872  4804 
    0  3201  3172  3262  3324  3357  3458  3458  3493  3565  3602  3640  3718  3842  3842  3885  4021  4068  4218  4218  4270  4378  4434  4612  4738  4738  4804  5087  5087  5163  5242  5322  5491  5580  5767  5864  5966  5966  5966  5672  5580  5580  5322  5242  5242  5163  5163  5013  4872  4674 
    0  3172  3201  3231  3324  3390  3458  3458  3493  3565  3602  3640  3718  3800  3842  3885  4021  4068  4167  4218  4270  4378  4434  4612  4674  4738  4804  4942  5013  5242  5322  5322  5491  5580  5767  5966  5966  6071  5864  5672  5672  5580  5406  5322  5163  5163  5013  5013  4872  4738 
    0  3143  3201  3231  3324  3357  3423  3458  3493  3528  3565  3640  3718  3800  3842  3885  4021  4068  4167  4167  4218  4323  4434  4551  4674  4804  4804  4942  5087  5242  5322  5322  5406  5672  5767  5864  5966  5966  5966  5672  5491  5491  5406  5242  5163  5087  5013  4872  4804  4738 
    0  3143  3201  3231  3324  3357  3390  3458  3493  3528  3565  3679  3759  3800  3842  3885  3975  4021  4167  4167  4218  4323  4434  4551  4612  4674  4804  4942  5087  5242  5322  5406  5406  5491  5767  5864  5966  6071  5966  5672  5580  5491  5322  5242  5163  5163  5013  4942  4804  4804 
    0  3143  3201  3231  3324  3324  3423  3458  3458  3528  3602  3640  3718  3759  3842  3885  3975  4068  4167  4167  4218  4270  4378  4492  4551  4612  4804  4872  5087  5163  5322  5322  5406  5491  5672  5767  5966  5966  5966  5580  5580  5491  5406  5242  5163  5163  5013  4942  4804  4738 
    0  3143  3143  3231  3293  3357  3423  3423  3458  3493  3565  3602  3718  3759  3800  3885  4021  4068  4117  4167  4218  4323  4378  4492  4612  4612  4804  4942  5087  5163  5242  5322  5406  5580  5672  5767  5966  5966  5767  5580  5491  5406  5322  5242  5163  5163  5013  4942  4804  4804 
    0  3115  3172  3201  3293  3357  3423  3458  3423  3493  3565  3602  3718  3759  3842  3885  3975  4021  4117  4167  4218  4270  4378  4492  4612  4612  4804  4942  5087  5163  5242  5242  5406  5491  5767  5864  5966  5966  5767  5580  5580  5406  5242  5242  5163  5087  4942  4872  4804  4674 
    0  3143  3172  3231  3262  3324  3390  3423  3458  3493  3565  3602  3718  3759  3800  3842  3930  4021  4068  4167  4218  4270  4378  4551  4612  4612  4804  4872  5087  5163  5242  5242  5322  5491  5672  5767  5966  5966  5672  5580  5580  5406  5406  5242  5163  5013  4942  4872  4804  4738 
    0  3143  3143  3231  3293  3357  3357  3458  3423  3458  3565  3602  3679  3759  3800  3885  3930  4021  4068  4167  4218  4323  4434  4492  4612  4612  4804  4872  5013  5163  5163  5242  5322  5406  5580  5767  5966  5864  5672  5580  5491  5406  5242  5242  5087  5013  4942  4804  4738  4738 
    0  3143  3115  3231  3293  3324  3357  3423  3423  3528  3528  3640  3679  3759  3800  3885  3930  4021  4068  4117  4218  4323  4378  4434  4612  4612  4738  4872  5087  5163  5322  5242  5322  5491  5672  5767  5864  5864  5767  5491  5491  5406  5322  5163  5163  5013  5013  4942  4738  4612 
    0  3143  3143  3201  3262  3357  3357  3423  3458  3493  3565  3602  3679  3718  3800  3842  3885  4021  4068  4117  4167  4270  4323  4378  4551  4612  4738  4872  4942  5087  5163  5242  5406  5491  5580  5672  5864  5864  5672  5491  5491  5322  5242  5163  5013  5013  4872  4872  4674  4612 
    0  3115  3115  3201  3262  3324  3357  3390  3423  3493  3565  3602  3718  3718  3759  3842  3930  4021  4068  4117  4167  4323  4378  4434  4612  4612  4738  4804  4942  5087  5163  5163  5322  5491  5580  5767  5966  5864  5672  5491  5491  5406  5163  5163  5087  4942  4872  4872  4738  4612 
    0  3115  3115  3231  3262  3324  3357  3357  3423  3458  3565  3565  3640  3718  3759  3842  3930  3975  4021  4068  4167  4218  4323  4434  4612  4612  4674  4804  4942  5087  5163  5087  5322  5406  5580  5672  5767  5767  5672  5491  5406  5322  5242  5163  5087  5087  4872  4804  4804  4674 
    0  3115  3115  3201  3262  3324  3357  3390  3423  3458  3565  3565  3640  3718  3800  3842  3930  3975  4021  4117  4167  4218  4323  4434  4551  4612  4674  4872  4872  5013  5163  5163  5242  5406  5672  5672  5767  5864  5672  5580  5322  5322  5163  5163  5087  4942  4804  4804  4612  4551 
    0  3115  3143  3231  3262  3324  3357  3458  3423  3458  3528  3565  3640  3718  3759  3842  3885  4021  4021  4068  4167  4218  4378  4434  4551  4551  4674  4804  4942  5013  5163  5163  5322  5406  5491  5767  5767  5864  5767  5491  5322  5322  5242  5163  4942  4942  4872  4804  4738  4551 
    0  3087  3115  3201  3231  3324  3357  3423  3423  3458  3528  3602  3640  3718  3718  3800  3885  4021  4068  4117  4167  4218  4323  4434  4492  4612  4674  4804  4872  5087  5163  5087  5242  5406  5580  5767  5767  5767  5767  5580  5580  5491  5242  5163  5013  4942  4872  4872  4738  4674 
    0  3115  3115  3201  3262  3293  3357  3390  3423  3458  3565  3565  3602  3718  3679  3800  3930  3930  4068  4117  4167  4270  4378  4434  4551  4612  4674  4738  4872  5013  5087  5087  5322  5322  5672  5672  5767  5767  5672  5580  5580  5406  5242  5242  5163  5013  4942  4804  4674  4492 
    0  3115  3172  3201  3262  3293  3357  3423  3423  3458  3528  3565  3602  3718  3718  3842  3885  3975  4068  4021  4167  4218  4378  4434  4551  4551  4674  4738  4872  4942  5163  5163  5242  5406  5672  5672  5580  5767  5672  5672  5580  5491  5242  5163  5163  4942  4872  4738  4674  4551 
    0  3115  3115  3201  3231  3293  3357  3390  3423  3458  3493  3565  3602  3679  3718  3759  3885  3930  4068  4068  4167  4218  4378  4378  4492  4551  4674  4804  4804  5013  5087  5087  5163  5406  5406  5672  5767  5767  5672  5580  5491  5322  5242  5163  5013  4942  4872  4804  4674  4551 
    0  3115  3115  3201  3262  3293  3324  3357  3423  3458  3528  3565  3602  3679  3718  3800  3885  3930  4021  2905  2930  4218  4323  4378  4492  4551  4612  4804  3087  5013     0     0     0  5406  5580     0     0  5672  5672  5580  5580  5406  5242  5013  4942  4872  4804  4872  4612  4551 
    0  3087  3087  3172  3262  3293  3357  3390  3423  3458  3493  3565  3602  3679  3718  3800  2722  2765  2743  2905  2857  2834  2810  2619  2701  4492  4612  3640  3033     0     0     0  2680  2619  2542  2523     0     0     0  5580  5491  5322  5163  5163  4872  4942  4872  4872  4612  4612 
    0  3059  3087  3115  3201  3293  3324  3357  3423  3458  3493  3565  3602  3640  3679  2639  2599  2722  2722  2639  2120  2045  2057  2120     0  4551  4612  3640  3087  4942     0     0  2701  2619  2560  2523  2469     0     0     0     0     0     0     0     0     0  4872  4872  4612  4551 
    0  3087  3115  3143  3231  3262  3324  3390  3390  3458  3458  3528  3602  2722  2701  2580  2580  1952  2021  2107  2033  1986  1998  2021  2133  4551  4612  3640  3087  4872  5013     0  2701  2619  2580  2523  2469  2469     0  2930     0     0     0  2881     0     0     0     0     0  2120 
    0  3059  3087  3143  3201  3262  3357  3390  3390  2659     0  2743  2722  1941  2659  2542  2542  1952  1998  1986  1975  1975  1975  1964  2033     0  4612  3640  3115  4872  5087     0  2722  2639  2580  2523  2487  2434     0  2810  2765  2680     0  2659     0  2659     0  2659  2639  2120 
    0  3033  3087  3143  3201  3231  3324  3357  3357  2659  2351  2434  2487  1941  1838  1800  1754  1952  1986  1941  1941  1931  1931  1941  1975     0  4612  3602  3087  4872  4942     0  2722  2659  2599  2542  2487  2451     0  5491  5406  5322  5242  2580  2560  2523  2505  2580  4551  2120 
    0  3059  3059  3115  3201  3231  3324  3357  3423  2765  3528  2384  2367  1931  1838  1790  1754  1952  1941  1931  1920  1931  1920  1920  1952     0  4612  3640  3172     0  5013     0     0  2659  2599  2542  2487  2451     0  5406  5406  5322  5163  5013  5013  2487     0  4738  4551  2133 
    0  3059  3087  3143  3201  3231  3324  3357  3390  2765  3493  3528  2259  1964  1858  1790  1763  1909  1920  1899  1899  1899  1899  1920  1931  1964  2230  2187     0     0  5013     0  3423  2680  2599  2560  2469  2451     0     0  5322  5163  5163  5013  4872  2469     0  4738  4551  2120 
    0  3059  3087  3087  3201  3262  3324  3357  3390  2722  3458  3528  3565  1986  1868  1800  1754  1909  1909  1888  1888  1888  1888  1909  1941  2069  2107  2095  2107     0  2069  3390  3231  2659  2619  2542  2487  2451     0     0     0     0  5013  4942  4872  2469     0  4738  4551  2147 
    0  3059  3059  3115  3172  3231  3293  3357  3423  2765  3458  3493  3602  3679  1868  1809  1772  1745  1920  1899  1899  1888  1899  1920  1952  1975  1986  1975  1975  1952  1975  1975  1986  2680  2619  2580  2505  2451     0     0     0     0     0     0     0  2487     0  4674  4551  2160 
    0  3033  3033  3115  3172  3201  3293  3357  2701  2743  3458  3528  3602  3640  1888  1828  1772  1745  1899  1878  1819  1868  1868  1878  1888  1878  1878  1878  1878  1878  1878  1878  1878  1878  2619  2580  2505  2451     0     0     0     0     0     0     0  2487     0     0  4378  2147 
    0  3059  3059  3087  3143  3201  3262  3324  2722  3528  3458  3528  3565  3602  1899  1828  1781  1754  1781  1781  1781  1781  1790  1790  1790  1781  1781  1781  1790  1781  1781  1790  1790  1772     0  2580  2505  2451  2765  2743  2701     0     0     0     0  2487     0     0     0  2147 
    0  3033  3033  3087  3143  3231  3262  3324  3324  2701  3458  3528  3565  3640  1909  1838  1781  1745  1754  1711  1711  1702  1711  1702  1702  1694  1702  1702  1702  1711  1711  1694  1702  1702  1702  1694  2523  2451  2599  2619  2599  2639     0     0     0  2487     0     0     0  2107 
    0  2487  2451  2469  2487  3201  3262  3324  2680  2722  3458  3493  3565  3602  1931  1858  1790  1745     0  1686  1653  1630  1638  1638  1622  1615  1622  1638  1622  1630  1622  1622  1622  1630  1630  1630  1622     0     0  2542     0     0     0     0     0  2434     0     0     0  2147 
    0  2417  2367  2335  2400  3143  3231  3293  2743  2743  3423  3493  3565  3640  1941  1868  1800  1754     0     0     0  1592  1571  1556  1556  1556  1549  1556  1556  1556  1549  1549  1556  1549  1563  1549  1542  1542  1549  1536     0     0     0     0     0     0     0     0     0  2160 
    0  2304  2259  2289     0  3143  3231  3293  2680  2701  3423  3458  3565  3602  1941  1868  1800  1754  1828     0     0     0  1549  1515  1489  1483  1496  1489  1502  1496  1489  1483  1489  1489  1489  1489  1489  1496  1502  1502  1470     0     0     0     0     0     0     0     0  2120 
    0  2215  2201  2215     0  3115  3201  3262  3324  3357  3423  3458  3493  3528  1975  1868  1809  1754     0     0     0  1428  1422  1440  1434  1428  1416  1422  1434  1440  1440  1434  1434  1434  1440  1440  1428  1428  1434  1422     0     0     0     0     0     0     0     0     0  2160 